  -2.0000000e+02  -0.0000000e+00  -0.0000000e+00   2.3750000e+02   6.9350000e+02
  -1.6000000e+02  -0.0000000e+00  -0.0000000e+00   2.8550000e+02   6.9150000e+02
  -1.2000000e+02  -0.0000000e+00  -0.0000000e+00   3.5350000e+02   6.8550000e+02
  -8.0000000e+01  -0.0000000e+00  -0.0000000e+00   4.6950000e+02   6.7150000e+02
  -4.0000000e+01  -0.0000000e+00  -0.0000000e+00   6.7150000e+02   6.4550000e+02
   0.0000000e+00   0.0000000e+00   0.0000000e+00   9.8350000e+02   5.9350000e+02
   4.0000000e+01   0.0000000e+00   0.0000000e+00   1.2815000e+03   5.3350000e+02
   8.0000000e+01   0.0000000e+00   0.0000000e+00   1.4655000e+03   4.9550000e+02
   1.2000000e+02   0.0000000e+00   0.0000000e+00   1.5655000e+03   4.6550000e+02
   1.6000000e+02   0.0000000e+00   0.0000000e+00   1.6315000e+03   4.5150000e+02
   2.0000000e+02   0.0000000e+00   0.0000000e+00   1.6755000e+03   4.4150000e+02
   2.4000000e+02   0.0000000e+00   0.0000000e+00   1.7035000e+03   4.3350000e+02
   2.8000000e+02   0.0000000e+00   0.0000000e+00   1.7255000e+03   4.2550000e+02
   3.2000000e+02   0.0000000e+00   0.0000000e+00   1.7435000e+03   4.1950000e+02
  -2.0000000e+02   4.0000000e+01  -0.0000000e+00   2.2750000e+02   5.4750000e+02
  -1.6000000e+02   4.0000000e+01  -0.0000000e+00   2.7750000e+02   5.1950000e+02
  -1.2000000e+02   4.0000000e+01  -0.0000000e+00   3.4550000e+02   4.7950000e+02
  -8.0000000e+01   4.0000000e+01  -0.0000000e+00   4.5950000e+02   4.2550000e+02
  -4.0000000e+01   4.0000000e+01  -0.0000000e+00   6.4750000e+02   3.5350000e+02
   0.0000000e+00   4.0000000e+01   0.0000000e+00   9.2750000e+02   2.8350000e+02
   4.0000000e+01   4.0000000e+01   0.0000000e+00   1.2055000e+03   2.5950000e+02
   8.0000000e+01   4.0000000e+01   0.0000000e+00   1.3955000e+03   2.6750000e+02
   1.2000000e+02   4.0000000e+01   0.0000000e+00   1.5095000e+03   2.8150000e+02
   1.6000000e+02   4.0000000e+01   0.0000000e+00   1.5875000e+03   2.9350000e+02
   2.0000000e+02   4.0000000e+01   0.0000000e+00   1.6315000e+03   3.0350000e+02
   2.4000000e+02   4.0000000e+01   0.0000000e+00   1.6695000e+03   3.1350000e+02
   2.8000000e+02   4.0000000e+01   0.0000000e+00   1.6955000e+03   3.1950000e+02
   3.2000000e+02   4.0000000e+01   0.0000000e+00   1.7155000e+03   3.2550000e+02
  -2.0000000e+02   8.0000000e+01  -0.0000000e+00   2.3950000e+02   4.0950000e+02
  -1.6000000e+02   8.0000000e+01  -0.0000000e+00   2.8950000e+02   3.6150000e+02
  -1.2000000e+02   8.0000000e+01  -0.0000000e+00   3.6750000e+02   3.0550000e+02
  -8.0000000e+01   8.0000000e+01  -0.0000000e+00   4.8350000e+02   2.3150000e+02
  -4.0000000e+01   8.0000000e+01  -0.0000000e+00   6.6150000e+02   1.4950000e+02
   0.0000000e+00   8.0000000e+01   0.0000000e+00   8.9150000e+02   9.1500000e+01
   4.0000000e+01   8.0000000e+01   0.0000000e+00   1.1275000e+03   7.7500000e+01
   8.0000000e+01   8.0000000e+01   0.0000000e+00   1.3095000e+03   9.9500000e+01
   1.2000000e+02   8.0000000e+01   0.0000000e+00   1.4355000e+03   1.2950000e+02
   1.6000000e+02   8.0000000e+01   0.0000000e+00   1.5215000e+03   1.5750000e+02
   2.0000000e+02   8.0000000e+01   0.0000000e+00   1.5835000e+03   1.8550000e+02
   2.4000000e+02   8.0000000e+01   0.0000000e+00   1.6255000e+03   2.0550000e+02
   2.8000000e+02   8.0000000e+01   0.0000000e+00   1.6555000e+03   2.2350000e+02
   3.2000000e+02   8.0000000e+01   0.0000000e+00   1.6835000e+03   2.4150000e+02
  -2.0000000e+02   1.2000000e+02  -0.0000000e+00   2.6556711e+02   2.8952685e+02
  -1.6000000e+02   1.2000000e+02  -0.0000000e+00   3.2355369e+02   2.3516443e+02
  -1.2000000e+02   1.2000000e+02  -0.0000000e+00   4.0690940e+02   1.6992953e+02
  -8.0000000e+01   1.2000000e+02  -0.0000000e+00   5.2288255e+02   9.5634228e+01
  -4.0000000e+01   1.2000000e+02  -0.0000000e+00   6.8234564e+02   2.8587248e+01
   1.2000000e+02   1.2000000e+02   0.0000000e+00   1.3600638e+03   1.9526846e+01
   1.6000000e+02   1.2000000e+02   0.0000000e+00   1.4524799e+03   5.3956376e+01
   2.0000000e+02   1.2000000e+02   0.0000000e+00   1.5231510e+03   8.4761745e+01
   2.4000000e+02   1.2000000e+02   0.0000000e+00   1.5775134e+03   1.1375503e+02
  -2.0000000e+02   1.6000000e+02  -0.0000000e+00   2.9818456e+02   1.8986242e+02
  -1.6000000e+02   1.6000000e+02  -0.0000000e+00   3.6160738e+02   1.3550000e+02
  -1.2000000e+02   1.6000000e+02  -0.0000000e+00   4.4315101e+02   7.3889262e+01
  -8.0000000e+01   1.6000000e+02  -0.0000000e+00   5.6093624e+02   6.8422819e+00
   2.0000000e+02   1.6000000e+02   0.0000000e+00   1.4633523e+03   6.8422819e+00
   2.4000000e+02   1.6000000e+02   0.0000000e+00   1.5195268e+03   3.5835570e+01
   2.8000000e+02   1.6000000e+02   0.0000000e+00   1.5648289e+03   6.3016779e+01
   8.0000000e+01  -4.0000000e+01   0.0000000e+00   1.5865738e+03   6.5919128e+02
   1.2000000e+02  -4.0000000e+01   0.0000000e+00   1.6518087e+03   6.1207718e+02
   1.6000000e+02  -4.0000000e+01   0.0000000e+00   1.6898624e+03   5.7945973e+02
   2.0000000e+02  -4.0000000e+01   0.0000000e+00   1.7206678e+03   5.5409060e+02
   2.4000000e+02  -4.0000000e+01   0.0000000e+00   1.7424128e+03   5.3415772e+02
   2.8000000e+02  -4.0000000e+01   0.0000000e+00   1.7587215e+03   5.1603691e+02
   8.0000000e+01  -8.0000000e+01   0.0000000e+00   1.5757013e+03   8.2771477e+02
   1.2000000e+02  -8.0000000e+01   0.0000000e+00   1.6445604e+03   7.6066779e+02
   1.6000000e+02  -8.0000000e+01   0.0000000e+00   1.6898624e+03   7.0811745e+02
   2.0000000e+02  -8.0000000e+01   0.0000000e+00   1.7224799e+03   6.6825168e+02
   2.4000000e+02  -8.0000000e+01   0.0000000e+00   1.7442248e+03   6.3925839e+02
   2.8000000e+02  -8.0000000e+01   0.0000000e+00   1.7641577e+03   6.1388926e+02
