9.600000000000000000e+02
9.521599999999999682e+02
2.973228724233955518e+02
2.727321867895273613e+02
2.991768776069552160e+01
-1.177992546875409746e-01
9.923528603636193601e-01
-3.113056411564096154e-02
9.927389425399467671e-01
1.185928450510727594e-01
2.012781824640939160e-02
2.434599679060399716e-02
-3.422773189732607885e-02
-9.991174779821623275e-01
-1.178241700599869934e-01
9.927525454744831057e-01
2.367076565126159660e-02
9.925627499862610392e-01
1.184782525518912055e-01
-2.853951634528070422e-02
-3.687426091108397808e-02
2.013207542180039944e-02
-9.993287983690976040e-01
